# Preamp: 0.3 dB
GraphicEQ: 20 -6.1; 21 -5; 22 -4; 23 -3; 24 -2.1; 26 -1.1; 27 -0.8; 29 -0.4; 30 -0.3; 32 -0.2; 34 -0.3; 36 -0.6; 38 -1.1; 40 -1.8; 43 -3.1; 45 -4.1; 48 -5.7; 50 -6.6; 53 -7.4; 56 -7.7; 59 -7.8; 63 -7.9; 66 -8.2; 70 -8.3; 74 -8.1; 78 -7.7; 83 -7.6; 87 -7.9; 92 -8.1; 97 -8; 103 -7.8; 109 -8; 115 -8.3; 121 -8.2; 128 -8.1; 136 -8.2; 143 -7.9; 151 -7.8; 160 -7.8; 169 -7.6; 178 -7.5; 188 -7.4; 199 -7.3; 210 -7.3; 222 -7.2; 235 -7.1; 248 -7; 262 -6.8; 277 -6.7; 292 -6.5; 309 -6.3; 326 -6.1; 345 -6; 364 -6.1; 385 -6.2; 406 -6.3; 429 -6.3; 453 -6.2; 479 -6.1; 506 -6.1; 534 -6; 565 -6; 596 -5.9; 630 -5.9; 665 -5.9; 703 -5.7; 743 -5.5; 784 -5.3; 829 -5.3; 875 -5.2; 924 -5.5; 977 -6.2; 1032 -6.7; 1090 -7.1; 1151 -7.2; 1216 -7.1; 1284 -6.9; 1357 -6.7; 1433 -6.5; 1514 -6.1; 1599 -5.6; 1689 -5.2; 1784 -4.8; 1885 -4.3; 1991 -3.7; 2103 -3.4; 2221 -3.2; 2347 -2.9; 2479 -2.8; 2618 -3; 2766 -3.1; 2921 -3.3; 3086 -3.5; 3260 -3.8; 3443 -4.2; 3637 -4.7; 3842 -5.1; 4058 -5.2; 4287 -5.1; 4528 -5.4; 4783 -7.2; 5052 -9.6; 5337 -11; 5637 -11.4; 5955 -10.9; 6290 -10; 6644 -8.9; 7018 -7.8; 7414 -7.3; 7831 -7.7; 8272 -9.1; 8738 -10.1; 9230 -10.6; 9749 -11.1; 10298 -11.8; 10878 -12.1; 11490 -11.7; 12137 -10.7; 12821 -10.3; 13543 -9.9; 14305 -8.8; 15110 -7.3; 15961 -6.4; 16860 -7.2; 17809 -8.6; 18812 -8.5; 19871 -7
# Preamp: -3.8 dB
# GraphicEQ: 20 9.7; 21 8.7; 22 7.7; 23 6.8; 24 5.8; 26 4.2; 27 3.5; 29 2.3; 30 1.9; 32 1.2; 34 0.6; 36 0.3; 38 0.2; 40 0.3; 43 0.6; 45 0.9; 48 1.1; 50 1.2; 53 1.2; 56 0.9; 59 0.6; 63 0.4; 66 0.6; 70 1.2; 74 1.2; 78 0.7; 83 0.5; 87 0.8; 92 1.1; 97 0.9; 103 0.6; 109 0.8; 115 1; 121 0.8; 128 0.7; 136 0.9; 143 0.8; 151 0.8; 160 0.9; 169 0.8
# Preamp: -0.4 dB
Preamp: 0.6 dB
# Preamp: -0.4 dB
GraphicEQ: 12 3.2; 36 0.3; 38 0.2; 40 0.3; 43 0.6; 45 0.9; 48 1.1; 50 1.2; 53 1.2; 56 0.9; 59 0.6; 63 0.4; 66 0.6; 70 1.2; 74 1.2; 78 0.7; 83 0.5; 87 0.8; 92 1.1; 97 0.9; 103 0.6; 109 0.8; 115 1; 121 0.8; 128 0.7; 136 0.9; 143 0.8; 151 0.8; 160 0.9; 169 0.8
# GraphicEQ: 12 3.2; 30 1.9; 32 1.2; 34 0.6; 36 0.3; 38 0.2; 40 0.3; 43 0.6; 45 0.9; 48 1.1; 50 1.2; 53 1.2; 56 0.9; 59 0.6; 63 0.4; 66 0.6; 70 1.2; 74 1.2; 78 0.7; 83 0.5; 87 0.8; 92 1.1; 97 0.9; 103 0.6; 109 0.8; 115 1; 121 0.8; 128 0.7; 136 0.9; 143 0.8; 151 0.8; 160 0.9; 169 0.8
# Include: HD58x New Changes - 3.txt
# Include: HD58x New Changes - 4.txt